gastos idade tempo expostos sinistros
29152.34 1 1 421 516
29005.63 2 1 452 579
14941.05 3 1 459 460
24696.59 4 1 464 592
20714.45 5 1 451 499
17161.82 6 1 473 391
13859.51 7 1 494 400
14617.34 8 1 502 376
12071.78 9 1 515 478
11427.21 10 1 534 358
13385.73 11 1 505 331
17204.8 12 1 539 405
15650.67 13 1 548 421
13562.9 14 1 517 367
15515.29 15 1 544 321
16616.44 16 1 474 420
14426.54 17 1 470 362
39114.44 18 1 480 483
13749.61 19 1 509 450
18731.98 20 1 594 467
25020.78 21 1 578 502
27658.26 22 1 536 647
31720.01 23 1 532 702
27745.95 24 1 550 494
91958.71 25 1 479 626
34124.45 26 1 564 687
34335.96 27 1 634 723
39792.97 28 1 625 878
91876.19 29 1 653 694
55479.18 30 1 696 894
67566.38 31 1 660 931
59418.62 32 1 669 971
72978.82 33 1 593 683
84771.6 34 1 620 869
60054.11 35 1 576 790
32961.59 36 1 588 723
43359.67 37 1 587 673
44341.91 38 1 518 847
45330.58 39 1 524 701
47808.13 40 1 491 622
44302.63 41 1 492 847
59400.35 42 1 497 609
33654.32 43 1 516 684
71828.34 44 1 491 900
27630.5 45 1 490 602
67293.36 46 1 461 821
73790.08 47 1 411 684
35359.41 48 1 398 704
73011.38 49 1 408 777
82035.43 50 1 433 962
76712.7 51 1 428 855
110089.52 52 1 362 623
26202.03 53 1 335 652
28665.98 54 1 334 715
70957.4 55 1 237 760
75891.68 56 1 245 469
80952.94 57 1 232 533
14236.33 58 1 194 356
58391.09 59 1 137 376
19340.98 60 1 112 266
13859.68 61 1 123 266
15055.44 62 1 64 128
66720.48 63 1 59 250
6092.9 64 1 34 58
5024.41 65 1 32 75
3035.96 66 1 32 87
668.1 67 1 20 33
532.2 68 1 14 41
2236.81 69 1 11 65
235.64 70 1 9 21
511.91 71 1 8 15
777.44 72 1 4 25
17881.52 73 1 2 11
54.76 74 1 2 1
17168.71 75 1 3 28
0 76 1 2 0
44.7 77 1 2 1
350.64 78 1 5 13
23.37 79 1 2 2
1959.51 80 1 4 66
52279.46 81 1 3 56
0.06 82 1 2 1
99.33 83 1 2 4
44.7 84 1 2 1
0 85 1 1 0
0 86 1 0 0
62.76 87 1 1 6
17191.93 88 1 1 29
0 89 1 0 0
92.04 90 1 2 3
0 91 1 0 0
0 92 1 0 0
0 93 1 0 0
0 94 1 0 0
0 95 1 0 0
0 96 1 0 0
0 97 1 0 0
0 98 1 0 0
0 99 1 0 0
0 100 1 0 0
0 101 1 0 0
0 102 1 0 0
0 103 1 0 0
0 104 1 0 0
0 105 1 0 0
84032.87 1 2 720 966
48681.15 2 2 790 1063
39005.75 3 2 780 914
30723.89 4 2 839 852
31100.27 5 2 759 796
25983.04 6 2 816 794
23349.35 7 2 840 708
27806.85 8 2 830 864
23609.6 9 2 848 702
31409.75 10 2 862 809
18891.08 11 2 888 692
22748.4 12 2 820 758
17880.46 13 2 824 529
20915.13 14 2 867 710
27787.5 15 2 852 598
60540.28 16 2 805 646
60918.39 17 2 753 609
19270.14 18 2 717 638
98366.79 19 2 847 908
58983.37 20 2 943 839
43700.82 21 2 1026 1055
66909.61 22 2 971 915
74119.15 23 2 928 953
47844.48 24 2 1069 1149
95164.08 25 2 899 1196
65139.8 26 2 1060 1228
72249.77 27 2 1143 1474
57254.18 28 2 1216 1382
69510.98 29 2 1220 1612
114766.9 30 2 1272 1842
127553.91 31 2 1238 1762
96998.59 32 2 1126 1583
84371.07 33 2 1124 1651
73763.13 34 2 1042 1360
106967.45 35 2 1015 1641
132630.01 36 2 971 1634
69788.78 37 2 960 1282
67212.96 38 2 931 1301
56617.73 39 2 874 1176
80051.22 40 2 880 1485
91549.39 41 2 816 1259
46273.43 42 2 754 1118
61334.47 43 2 774 1218
92783.23 44 2 773 1354
113841.2 45 2 743 1372
75148.25 46 2 787 1298
112939.78 47 2 712 1378
164323.85 48 2 625 1269
89638.41 49 2 627 1295
75180.08 50 2 604 1276
54071.61 51 2 611 1206
65054.3 52 2 598 1167
225163.43 53 2 503 1213
57066.31 54 2 473 1283
148437.52 55 2 480 1077
60055.35 56 2 381 976
36949.85 57 2 354 706
77554.51 58 2 331 786
83658.19 59 2 256 658
48537.21 60 2 195 515
20246.04 61 2 163 280
12301.11 62 2 156 373
7244.7 63 2 89 151
15523.44 64 2 81 288
4202.73 65 2 56 94
14828.13 66 2 39 119
4884.8 67 2 48 124
789.62 68 2 21 32
1698.65 69 2 20 57
1132.97 70 2 16 56
937.03 71 2 12 24
572.8 72 2 9 27
7542.66 73 2 4 53
521.94 74 2 3 33
64.62 75 2 1 3
1210.55 76 2 2 19
178 77 2 2 13
727.36 78 2 2 33
5501.73 79 2 5 6
161.14 80 2 2 3
1145.48 81 2 4 57
6463.33 82 2 3 24
139.41 83 2 2 4
0 84 2 2 0
2760.71 85 2 1 27
0 86 2 1 0
0 87 2 0 0
148.74 88 2 1 1
0 89 2 1 0
197.8 90 2 1 3
221.17 91 2 2 5
50.21 92 2 1 3
0 93 2 0 0
0 94 2 0 0
0 95 2 0 0
0 96 2 0 0
0 97 2 0 0
0 98 2 0 0
0 99 2 0 0
0 100 2 0 0
0 101 2 0 0
0 102 2 0 0
0 103 2 0 0
0 104 2 0 0
0 105 2 0 0
78205.45 1 4 945 1154
85415.85 2 4 1110 1246
64123.65 3 4 1092 1185
41370.03 4 4 1039 1062
32977.55 5 4 983 923
35464.17 6 4 1014 901
23115.03 7 4 1006 625
130032.95 8 4 977 769
25396.97 9 4 943 855
24876.9 10 4 960 695
28807.97 11 4 948 741
22082.48 12 4 999 802
53332.69 13 4 927 732
24679.99 14 4 866 700
81180.37 15 4 891 605
37068.73 16 4 863 680
26249.86 17 4 864 720
34382.91 18 4 846 901
46740.38 19 4 798 809
44135.35 20 4 961 1060
55307.06 21 4 1153 1209
140946.83 22 4 1253 1412
101844.21 23 4 1351 1518
56507.85 24 4 1419 1533
93005.83 25 4 1403 1528
69286.83 26 4 1425 1551
101812.32 27 4 1465 1813
161306.7 28 4 1632 2056
159547.89 29 4 1771 2393
108268.7 30 4 1728 2426
222403.06 31 4 1643 2260
169102.03 32 4 1605 2104
91138.96 33 4 1487 1861
140366.7 34 4 1440 2087
146571.44 35 4 1382 2257
209296.67 36 4 1312 1736
118112.11 37 4 1252 1758
238256.07 38 4 1088 1570
113290.74 39 4 1059 1598
132791.31 40 4 1057 1892
111605.35 41 4 1043 1511
311291.53 42 4 892 1355
132204.65 43 4 840 1581
97735.33 44 4 767 1212
121125.23 45 4 748 1526
194057.95 46 4 769 1433
211999.03 47 4 761 2215
144966.54 48 4 776 1498
161231.56 49 4 703 1682
71050.59 50 4 628 1440
157282.17 51 4 616 1688
103150.33 52 4 570 1315
243973.41 53 4 572 1390
84626.98 54 4 554 1599
81384.68 55 4 484 1342
72631.91 56 4 452 1110
127190.68 57 4 439 1317
30425.34 58 4 305 777
89949.34 59 4 327 713
43599.12 60 4 286 670
41446.39 61 4 250 525
104478.77 62 4 165 581
83635.28 63 4 133 487
77882.26 64 4 121 312
5259.76 65 4 67 146
9224.31 66 4 63 150
42350.08 67 4 52 139
9376.15 68 4 31 156
14591.44 69 4 33 110
792.93 70 4 20 22
26252.9 71 4 13 103
2676.39 72 4 9 45
152.73 73 4 6 7
2182.14 74 4 7 25
511.68 75 4 4 10
215.25 76 4 4 20
544.3 77 4 1 6
246.82 78 4 2 13
0 79 4 2 0
123.29 80 4 2 12
35.69 81 4 4 5
52.6 82 4 2 1
382.38 83 4 4 11
284.57 84 4 1 3
0 85 4 2 0
269.46 86 4 2 21
43001.93 87 4 1 15
0 88 4 1 0
0 89 4 0 0
25.74 90 4 1 5
0 91 4 1 0
0 92 4 0 0
0 93 4 1 0
0 94 4 0 0
0 95 4 0 0
0 96 4 0 0
0 97 4 0 0
0 98 4 0 0
0 99 4 0 0
0 100 4 0 0
0 101 4 0 0
0 102 4 0 0
0 103 4 0 0
0 104 4 0 0
0 105 4 0 0
100629.66 1 5 1335 1741
64551.66 2 5 1420 1773
71890.31 3 5 1364 1554
61445.74 4 5 1345 1442
42427.94 5 5 1288 1329
58000.51 6 5 1242 1262
65059.19 7 5 1233 1084
38525.85 8 5 1270 1101
30421.76 9 5 1189 1008
31764.88 10 5 1127 1021
58691.42 11 5 1174 931
35189.34 12 5 1184 991
37900.94 13 5 1246 1022
36738.67 14 5 1180 879
30608.55 15 5 1042 967
37227.39 16 5 1049 1057
65648.5 17 5 1093 1098
58873.04 18 5 1057 907
80149.07 19 5 1156 1460
100805.07 20 5 1215 1480
123007.77 21 5 1331 1642
156769.96 22 5 1490 1985
106085.22 23 5 1623 2374
180031.82 24 5 1768 2697
122407.9 25 5 1592 2449
130563.34 26 5 1772 2450
150664.98 27 5 1884 2346
151887.11 28 5 1919 2775
203525.05 29 5 2096 3265
208672.11 30 5 2156 3015
325059.2 31 5 2218 3387
222339.36 32 5 2026 3019
203500.62 33 5 2004 2789
162314.44 34 5 1888 3112
167757.89 35 5 1737 2579
273735.85 36 5 1736 3091
178709.18 37 5 1512 2271
209072.11 38 5 1520 2431
267810.67 39 5 1276 2537
161270.97 40 5 1308 2141
117054.26 41 5 1223 1856
199352.16 42 5 1116 1939
90414.26 43 5 1004 1885
127852.3 44 5 1012 1692
103592.32 45 5 919 1879
156825.97 46 5 863 1993
220674.22 47 5 957 1815
127805.92 48 5 889 1968
219029.93 49 5 895 2316
120190.61 50 5 796 2068
95858.5 51 5 725 1985
115051.96 52 5 715 1742
287506.24 53 5 645 1775
195187.71 54 5 663 1795
128417.15 55 5 658 1813
100964.24 56 5 549 1368
210090.27 57 5 516 1350
150019.15 58 5 500 1224
75170.46 59 5 370 976
98159.44 60 5 352 775
93184.34 61 5 309 799
144270.65 62 5 257 650
50356.93 63 5 199 581
66329.19 64 5 144 481
39379.72 65 5 134 285
49095.37 66 5 76 203
12702.29 67 5 64 194
7647.28 68 5 42 191
9260.2 69 5 34 122
3763.28 70 5 29 112
1955.95 71 5 14 55
2549.64 72 5 14 34
2130.16 73 5 13 82
5206.36 74 5 6 16
933.22 75 5 8 39
1579.22 76 5 4 25
373.48 77 5 3 19
0 78 5 0 0
410.49 79 5 2 33
168 80 5 3 3
1421.01 81 5 2 43
865.51 82 5 5 16
0 83 5 2 0
1010.66 84 5 3 28
0 85 5 0 0
198.03 86 5 2 1
43249.72 87 5 2 10
17.92 88 5 1 1
0 89 5 0 0
562.17 90 5 1 3
650.09 91 5 1 4
0 92 5 1 0
0 93 5 0 0
0 94 5 1 0
0 95 5 0 0
0 96 5 0 0
0 97 5 0 0
0 98 5 0 0
0 99 5 0 0
0 100 5 0 0
0 101 5 0 0
0 102 5 0 0
0 103 5 0 0
0 104 5 0 0
0 105 5 0 0
238013.83 1 6 1438 1946
97922.18 2 6 1645 1840
185030.99 3 6 1515 1756
344010.54 4 6 1464 1560
91082.62 5 6 1495 1737
85144.01 6 6 1470 1341
48383.42 7 6 1370 1311
56574.55 8 6 1390 1196
46154.12 9 6 1308 1084
50520.4 10 6 1315 1044
96494.59 11 6 1231 1067
68700.82 12 6 1259 1081
52507.02 13 6 1239 1050
50713.58 14 6 1309 981
77048.22 15 6 1202 1200
41054.92 16 6 1160 905
56297.78 17 6 1145 1052
50071.28 18 6 1113 1126
119771.4 19 6 1211 1221
146925.63 20 6 1445 1873
195152.76 21 6 1448 1981
133990.22 22 6 1591 2164
343732.03 23 6 1617 2502
449044.11 24 6 1883 2930
185892.68 25 6 1800 2767
193108.17 26 6 1803 2885
431379.02 27 6 2015 3132
655556.42 28 6 2055 3699
300202.14 29 6 2064 3845
303584.51 30 6 2261 4008
461313.34 31 6 2316 4464
349894.99 32 6 2300 3863
442831.97 33 6 2045 3820
490521.24 34 6 2065 3938
361892.25 35 6 1891 3837
577948.73 36 6 1740 3933
342810.28 37 6 1703 3045
292886.56 38 6 1474 2456
375464.33 39 6 1507 2910
222513.28 40 6 1247 2524
169916.9 41 6 1276 2552
138419.48 42 6 1200 2330
270745.05 43 6 1064 2129
307553.23 44 6 1024 1978
174058.49 45 6 971 2051
173857.31 46 6 913 2155
195583.66 47 6 856 1963
205405.77 48 6 886 2295
237589.33 49 6 902 2564
222174.38 50 6 901 2457
190422.64 51 6 826 2363
204010.76 52 6 732 1893
121105.64 53 6 696 1750
141387.52 54 6 678 1609
194942.68 55 6 685 1573
109537.97 56 6 637 1630
148638.02 57 6 544 1844
265485.69 58 6 526 1634
142335.89 59 6 488 1668
172006.55 60 6 353 1324
62058.07 61 6 350 967
97964.84 62 6 312 931
130641.15 63 6 246 887
47704.13 64 6 198 556
67244.69 65 6 152 512
56553.72 66 6 141 394
17157.87 67 6 85 322
8221.42 68 6 70 154
16452.13 69 6 46 174
4505.65 70 6 40 142
6149.45 71 6 29 78
905.85 72 6 13 22
2449.1 73 6 15 42
2194.42 74 6 13 28
2098.63 75 6 8 31
482.73 76 6 9 10
1519.6 77 6 4 13
1701.9 78 6 3 16
0 79 6 0 0
36161.36 80 6 3 8
0 81 6 3 0
2509.72 82 6 4 91
4768.49 83 6 5 101
5541.16 84 6 2 2
1160.29 85 6 4 22
0 86 6 0 0
0 87 6 1 0
15.4 88 6 2 2
0 89 6 1 0
0 90 6 0 0
0 91 6 1 0
0 92 6 0 0
0 93 6 1 0
0 94 6 0 0
0 95 6 0 0
0 96 6 0 0
0 97 6 0 0
0 98 6 0 0
0 99 6 0 0
0 100 6 0 0
0 101 6 0 0
0 102 6 0 0
0 103 6 0 0
0 104 6 0 0
0 105 6 0 0
217355.95 1 7 1550 1994
108444.19 2 7 1629 2167
130104.26 3 7 1768 2310
116047.28 4 7 1554 2132
121452.2 5 7 1470 1843
99533.03 6 7 1510 1797
58492.27 7 7 1469 1496
65243.36 8 7 1388 1530
62239.95 9 7 1407 1493
150287.19 10 7 1352 1506
56815.73 11 7 1320 1414
46139.56 12 7 1258 1063
62435.75 13 7 1261 1402
77030.61 14 7 1243 1368
49317 15 7 1254 1168
84661.1 16 7 1189 1486
86353.99 17 7 1183 1355
69217.37 18 7 1195 1389
146732.12 19 7 1250 1564
145007.31 20 7 1435 1956
159828.25 21 7 1558 2271
145823.19 22 7 1525 2363
156172.37 23 7 1572 2333
282391.73 24 7 1689 2845
245946.81 25 7 1753 2697
257442.11 26 7 1932 3216
533732.08 27 7 1977 3448
452832.53 28 7 2224 3900
432513.15 29 7 2285 4271
432509.21 30 7 2310 4488
454788.58 31 7 2396 4767
441631.48 32 7 2513 4902
562610.08 33 7 2543 5206
428765.91 34 7 2192 4750
341251.25 35 7 2195 4563
434806.22 36 7 1954 4063
319579 37 7 1877 3869
456984.21 38 7 1773 3945
596442.84 39 7 1585 3085
451363.09 40 7 1518 3509
203518.03 41 7 1350 3079
293100.31 42 7 1312 2881
275921.45 43 7 1187 2896
240503.91 44 7 1094 2594
485595.04 45 7 1017 2710
199766.7 46 7 979 2428
166393.89 47 7 965 2490
332600.6 48 7 880 2499
202957.16 49 7 910 2504
249214.95 50 7 892 2780
411520.11 51 7 861 2470
174222.22 52 7 783 2207
372061.54 53 7 719 2600
367703.12 54 7 706 2108
300593.73 55 7 646 2614
426337.28 56 7 655 2415
264747 57 7 629 2550
106072.42 58 7 543 1687
130341.48 59 7 492 1686
651123.15 60 7 475 1678
154234.64 61 7 350 1356
340613.22 62 7 330 1230
86401.65 63 7 297 1042
52265.91 64 7 234 606
77679.94 65 7 185 712
59104.45 66 7 133 447
48984.89 67 7 126 416
247384.5 68 7 73 349
56097.39 69 7 64 295
9841.84 70 7 44 210
15263.4 71 7 34 161
171515.59 72 7 28 184
1441.11 73 7 13 14
35599.8 74 7 15 56
2247.51 75 7 11 49
7537.65 76 7 4 23
2216.41 77 7 7 59
759.93 78 7 3 12
367.32 79 7 4 20
62.52 80 7 1 1
803.89 81 7 3 16
264.08 82 7 3 13
0 83 7 3 0
482.08 84 7 5 22
0 85 7 2 0
1229.02 86 7 4 46
0 87 7 0 0
62064.13 88 7 1 32
0 89 7 2 0
219.2 90 7 1 23
182.82 91 7 1 13
0 92 7 1 0
0 93 7 0 0
0 94 7 1 0
0 95 7 0 0
0 96 7 0 0
0 97 7 0 0
0 98 7 0 0
0 99 7 0 0
0 100 7 0 0
0 101 7 0 0
0 102 7 0 0
0 103 7 1 0
0 104 7 0 0
0 105 7 0 0
248353.16 1 8 1647 2145
136754.13 2 8 1706 2210
156485.04 3 8 1644 2146
136930.69 4 8 1750 2142
151634.69 5 8 1582 1925
131117.82 6 8 1543 1853
95816.3 7 8 1514 1747
152346.66 8 8 1428 1637
73719.53 9 8 1384 1527
84382.91 10 8 1388 1407
52902.46 11 8 1280 1272
56593.4 12 8 1321 1266
63673.92 13 8 1229 1440
66534.36 14 8 1269 1224
71012.78 15 8 1170 1267
135391.35 16 8 1247 1606
84945 17 8 1248 1477
208765 18 8 1212 1718
376898.65 19 8 1248 1763
185015.41 20 8 1380 2375
393641.22 21 8 1457 1901
179469.6 22 8 1605 2830
221912.47 23 8 1499 2295
262115.52 24 8 1638 2208
393807.89 25 8 1615 2744
322647.11 26 8 1898 3273
449322.48 27 8 2144 3516
294818.47 28 8 2302 3827
404906.57 29 8 2361 4042
457542.49 30 8 2475 4131
361027.24 31 8 2496 5227
360265.8 32 8 2554 4786
485824.26 33 8 2681 4870
439721.23 34 8 2692 5326
433554.43 35 8 2283 4476
508975.35 36 8 2245 4986
485025.4 37 8 2005 3968
386838.05 38 8 1907 4094
417232.76 39 8 1760 3918
321139.65 40 8 1620 3373
402306.47 41 8 1523 3329
223381.49 42 8 1343 2887
339653.15 43 8 1287 3578
319358.79 44 8 1214 2990
304138.18 45 8 1031 2626
262563.03 46 8 1039 2779
265247.27 47 8 922 2474
147499.64 48 8 936 2382
228706.64 49 8 843 2407
211583.27 50 8 890 2593
307278.73 51 8 857 2651
259936.35 52 8 780 2512
678486.44 53 8 727 2480
323537.89 54 8 675 2817
269695.64 55 8 626 1874
260272.1 56 8 574 2223
277684 57 8 594 2081
337978.84 58 8 548 2185
207007.12 59 8 500 1508
127321.65 60 8 457 1547
259451.4 61 8 383 1331
110826.86 62 8 304 987
182805.44 63 8 299 964
239035.09 64 8 276 1122
142919.82 65 8 196 892
110295.52 66 8 152 725
61690.64 67 8 130 491
172965.21 68 8 116 667
116615.53 69 8 67 473
34250.03 70 8 61 376
67286.29 71 8 38 275
86373.07 72 8 31 114
74948.85 73 8 31 142
33705.11 74 8 11 15
3140.35 75 8 13 51
9798.66 76 8 9 82
20264.13 77 8 5 103
523.56 78 8 6 27
9898.34 79 8 4 38
2413.23 80 8 5 54
173.16 81 8 2 2
0 82 8 3 0
951.04 83 8 6 11
1101.26 84 8 5 50
3731.9 85 8 7 31
81.72 86 8 3 2
457.16 87 8 4 5
0 88 8 0 0
0 89 8 1 0
1920 90 8 2 1
0 91 8 1 0
4569.87 92 8 1 9
0 93 8 1 0
0 94 8 0 0
0 95 8 1 0
0 96 8 0 0
0 97 8 0 0
0 98 8 0 0
0 99 8 0 0
0 100 8 0 0
0 101 8 0 0
0 102 8 0 0
0 103 8 0 0
0 104 8 1 0
0 105 8 0 0
769181.48 1 9 1614 2450
207270.11 2 9 1623 2361
208450.12 3 9 1554 2197
207506.21 4 9 1538 2059
128092.19 5 9 1630 2009
123077.03 6 9 1431 1904
107644.72 7 9 1405 1921
80117.83 8 9 1340 1522
79673.23 9 9 1325 1656
70176 10 9 1246 1610
62854.37 11 9 1241 1297
84211.3 12 9 1163 1335
65145.23 13 9 1189 1402
77580.82 14 9 1048 1080
96058.15 15 9 1081 1374
92535.14 16 9 1057 1188
119658 17 9 1136 1820
123880.66 18 9 1039 1729
138148.4 19 9 1053 1700
161462.89 20 9 1198 1967
199575.97 21 9 1303 2286
225627.2 22 9 1355 2249
195702.94 23 9 1349 2301
173686.16 24 9 1370 2450
334095.98 25 9 1326 2487
292695.79 26 9 1470 2929
343567.86 27 9 1769 3604
496282.33 28 9 2014 4163
474519.22 29 9 2109 4573
502710.98 30 9 2234 4550
669424.83 31 9 2286 5452
639619.04 32 9 2262 5962
621536.76 33 9 2295 5058
600162.72 34 9 2404 5385
727911.51 35 9 2415 6041
742983.66 36 9 2089 5624
519140.43 37 9 1993 4546
432431.27 38 9 1761 3915
618624.72 39 9 1629 4835
576930.12 40 9 1507 3511
279107.27 41 9 1352 3287
367497.81 42 9 1274 3541
558667.09 43 9 1136 3235
334127.39 44 9 1105 3077
290833.98 45 9 1056 3106
204467.68 46 9 895 2176
537800.84 47 9 880 3270
398165.98 48 9 774 2335
295207.52 49 9 791 2412
252775.82 50 9 683 2122
281652.52 51 9 748 2419
183604.07 52 9 686 2257
276619.98 53 9 636 2059
333510.67 54 9 601 1941
175043.13 55 9 525 1667
363333.17 56 9 504 1925
160537.48 57 9 461 1606
386290.29 58 9 478 2040
214930.95 59 9 445 1704
287389.95 60 9 398 1597
147475.79 61 9 383 1487
233656.84 62 9 308 1301
172111.99 63 9 250 984
155670.91 64 9 244 923
251748.25 65 9 224 1105
295286.84 66 9 160 898
131227.54 67 9 126 553
124766.9 68 9 106 637
19200.51 69 9 97 229
46907.8 70 9 51 629
86794.34 71 9 55 923
151848.09 72 9 36 347
17010.88 73 9 31 79
43434.58 74 9 23 84
1769.36 75 9 13 33
6141.28 76 9 10 53
2297.19 77 9 9 37
4969.9 78 9 8 123
1152.6 79 9 8 30
3363.2 80 9 3 46
7676.15 81 9 7 37
2347.4 82 9 2 50
1361.78 83 9 3 23
263944.29 84 9 6 13
1615.44 85 9 5 37
137.61 86 9 7 13
0 87 9 3 0
1237.04 88 9 4 36
0 89 9 1 0
0 90 9 1 0
192.31 91 9 2 20
112 92 9 1 1
15.52 93 9 1 2
32.04 94 9 1 4
0 95 9 0 0
0 96 9 1 0
0 97 9 0 0
0 98 9 0 0
0 99 9 0 0
0 100 9 0 0
0 101 9 0 0
0 102 9 0 0
0 103 9 0 0
0 104 9 0 0
0 105 9 1 0
